0 0
0 0
0 0
0 0
0 0
0 0
0 0
0 0
0 0
0 0
0 0
0 0
0 0
0 0
0 0
0 0
0 0
0 0
0 0
0 0
0 0
0 0
0 0
0 0
0 0
1 1
6 6
20 20
29 29
59 59
97 97
137 137
181 181
220 220
301 301
421 421
500 500
612 612
760 760
940 940
1062 1062
1253 1253
1442 1442
1646 1646
1760 1760
1882 1882
1997 1997
2094 2094
2018 2018
2105 2105
2085 2085
2027 2027
1978 1978
1808 1808
1730 1730
1668 1668
1578 1578
1468 1468
1277 1277
1234 1234
1219 1219
1004 1004
928 928
976 976
880 880
890 890
792 792
798 798
768 768
779 779
852 852
819 819
830 830
784 784
883 883
905 905
865 865
853 853
946 946
973 973
905 905
910 910
867 867
932 932
929 929
966 966
1007 1007
1014 1014
1063 1063
1128 1128
1122 1122
1183 1183
1213 1213
1323 1323
1397 1397
1534 1534
1619 1619
1803 1803
1871 1871
2085 2085
1893 1893
1932 1932
1957 1957
1831 1831
1759 1759
1726 1726
1613 1613
1502 1502
1435 1435
1362 1362
1362 1362
1348 1348
1342 1342
1448 1448
1362 1362
1352 1352
1388 1388
1448 1448
1561 1561
1572 1572
1603 1603
1778 1778
1814 1814
1891 1891
2032 2032
2136 2136
2297 2297
2319 2319
2368 2368
2517 2517
2300 2300
2303 2303
2253 2253
2073 2073
1996 1996
1814 1814
1935 1935
1903 1903
2023 2023
2140 2140
2256 2256
2306 2306
2324 2324
2449 2449
2461 2461
2406 2406
2236 2236
2319 2319
2288 2288
2181 2181
2272 2272
2319 2319
2390 2390
2594 2594
2687 2687
2745 2745
2701 2701
2555 2555
2410 2410
2261 2261
2041 2041
1852 1852
1780 1780
1615 1615
1473 1473
1425 1425
1353 1353
1233 1233
1254 1254
1195 1195
1170 1170
1208 1208
1345 1345
1264 1264
1231 1231
1156 1156
1186 1186
1225 1225
1085 1085
946 946
904 904
821 821
785 785
688 688
609 609
630 630
644 644
679 679
634 634
663 663
739 739
795 795
830 830
941 941
905 905
978 978
918 918
911 911
842 842
823 823
869 869
902 902
834 834
886 886
906 906
970 970
976 976
1062 1062
1041 1041
1067 1067
955 955
982 982
951 951
864 864
697 697
544 544
491 491
393 393
381 381
284 284
230 230
234 234
194 194
188 188
126 126
77 77
74 74
59 59
51 51
22 22
19 19
9 9
7 7
6 6
8 8
1 1
0 0
0 0
1 1
0 0
0 0
0 0
2 2
0 0
1 1
1 1
0 0
0 0
0 0
0 0
0 0
0 0
0 0
0 0
0 0
0 0
