           1
           6
          20
          29
          59
           0
          97
         137
         181
         220
         301
         421
           0
         500
         612
         760
         940
        1062
        1254
        1443
           0
        1646
        1761
        1882
        1998
        2094
        2018
           0
        2105
        2086
        2029
        1979
        1808
        1731
           0
        1668
        1578
        1469
        1278
        1236
        1220
           0
        1004
         929
         976
         880
         890
         792
           0
         798
         769
         780
         852
         819
         833
         784
           0
         884
         906
         866
         854
         948
         973
           0
         906
         911
         868
         934
         932
         967
           0
        1009
        1015
        1064
        1133
        1125
        1186
           0
        1217
        1325
        1401
        1536
        1621
        1806
           0
        1872
        2085
        1895
        1933
        1960
        1831
        1761
           0
        1729
        1614
        1503
        1437
        1363
        1362
           0
        1348
        1344
        1449
        1362
        1352
        1388
           0
        1448
        1563
        1575
        1604
        1780
        1814
           0
        1893
        2035
        2138
        2302
        2321
        2371
           0
        2520
        2303
        2303
        2255
        2074
        1997
        1816
           0
        1936
        1903
        2025
        2141
        2257
        2306
           0
        2324
        2449
        2461
        2406
        2236
        2319
           0
        2288
        2181
        2272
        2319
        2390
        2594
           0
        2687
        2745
        2701
        2556
        2410
        2261
           0
        2041
        1852
        1780
        1615
        1473
        1425
        1353
           0
        1233
        1254
        1195
        1170
        1208
        1345
           0
        1264
        1231
        1156
        1186
        1225
        1085
           0
         946
         904
         821
         785
         688
         609
           0
         630
         644
         679
         634
         663
         739
           0
         795
         830
         941
         905
         978
         918
           0
         911
         842
         823
         869
         902
         834
         886
           0
         908
         970
         977
        1065
        1042
        1069
           0
         956
         982
         955
         864
         697
         544
           0
         491
         393
         381
         284
         230
         234
           0
         194
         188
         126
          77
          74
          59
           0
          51
          22
          19
           9
           7
           6
           8
           0
           1
           0
           0
           1
           0
           0
           0
           0
           2
           0
           1
           1
